928
146
749
828
455
120
308
256
65
266
603
519
882
173
91
501
913
559
418
296
460
898
225
589
123
442
221
48
780
660
765
725
628
448
608
79
404
474
208
233
167
746
447
929
818
930
554
920
984
361
368
199
160
25
6
670
428
38
10
980
61
392
352
93
553
367
62
452
26
375
663
306
561
20
14
939
494
886
744
498
81
345
144
557
412
793
497
692
727
539
78
430
944
45
601
915
178
449
531
461
103
311
27
711
261
596
620
1000
67
348
451
706
709
802
330
702
619
943
126
542
158
834
185
784
159
222
24
999
705
149
661
248
192
593
31
355
591
991
335
175
396
443
534
869
395
799
728
168
825
805
782
213
400
824
679
652
624
857
80
909
176
955
970
283
351
249
552
636
339
304
130
321
161
967
976
957
197
493
690
633
808
287
153
569
292
359
436
945
689
242
411
865
821
235
19
685
606
905
816
137
981
994
403
11
414
322
700
300
259
854
496
22
866
762
792
445
280
781
631
668
364
556
820
875
243
471
500
794
177
484
890
250
641
503
972
244
736
21
95
644
127
356
405
15
29
387
907
138
541
785
795
543
822
370
64
291
393
132
288
34
872
767
952
121
118
85
346
36
853
697
835
284
764
35
105
140
302
114
331
384
656
615
717
760
490
696
385
198
215
125
533
502
722
211
202
12
224
513
761
271
108
139
425
936
555
826
338
196
207
910
831
703
876
642
511
410
245
122
209
378
997
313
507
732
863
142
916
363
39
570
433
723
523
691
741
946
584
775
973
151
419
813
226
134
269
648
993
956
333
113
191
314
726
75
721
948
495
772
778
918
33
896
9
887
707
647
895
263
594
870
318
862
595
174
987
195
735
349
472
237
675
737
773
527
627
587
950
629
637
893
580
59
186
934
51
614
742
514
417
155
953
214
975
232
770
901
892
96
941
535
919
888
871
657
373
759
441
938
203
294
517
353
653
200
316
600
438
28
18
406
829
797
977
879
408
253
843
218
810
708
783
607
515
674
77
626
182
8
571
924
336
777
599
731
564
254
922
811
665
201
576
398
72
234
459
420
699
585
98
485
851
99
255
937
183
274
407
317
470
181
547
616
979
101
424
844
315
23
714
84
985
16
592
855
32
71
165
669
903
265
462
823
184
210
621
965
658
747
17
766
966
510
528
921
610
578
386
40
549
590
421
379
740
516
622
664
804
662
526
1
982
678
499
790
148
216
960
481
755
92
413
787
204
508
573
684
686
273
479
885
136
488
567
141
341
874
754
483
873
891
588
236
458
171
776
846
423
444
504
654
750
672
143
457
878
859
475
166
716
812
238
884
713
512
170
911
278
540
566
83
536
206
992
666
774
505
281
894
524
374
365
926
947
240
927
962
129
53
745
55
163
758
949
806
925
998
605
37
769
188
789
303
693
107
189
41
586
350
577
325
464
739
839
753
70
597
645
328
3
416
842
68
290
13
917
482
162
712
89
372
415
402
867
525
788
257
344
260
632
354
959
491
119
995
914
133
814
432
673
369
2
63
880
602
791
803
87
205
463
110
272
320
43
548
94
362
319
391
983
971
530
771
840
659
131
933
116
954
574
377
817
837
729
650
618
881
427
858
231
109
860
687
964
5
694
877
469
478
309
798
193
66
342
743
883
720
990
738
46
638
583
506
327
47
856
538
680
841
190
827
276
847
429
323
297
935
634
337
388
453
247
357
963
942
152
399
135
757
651
719
117
251
733
609
383
434
90
390
671
169
522
509
435
301
401
465
180
529
30
104
286
748
128
60
518
56
343
329
752
807
996
623
630
819
480
701
715
582
426
833
704
358
194
923
7
76
695
978
830
489
468
264
537
389
229
307
852
54
640
82
676
763
156
157
940
467
270
267
164
332
912
275
710
74
639
649
868
809
487
611
815
239
988
57
439
340
849
371
326
473
718
366
376
612
360
394
100
889
262
838
145
768
850
4
836
908
50
450
282
381
730
544
734
897
268
456
220
382
106
227
655
688
563
258
520
69
446
961
298
572
112
989
521
568
86
931
58
150
550
334
324
380
277
751
724
986
440
111
932
565
801
968
73
397
861
437
698
217
677
310
786
422
643
223
551
295
241
115
581
477
305
625
546
635
187
289
906
617
219
97
779
951
312
228
575
172
560
431
124
848
212
646
88
832
845
466
958
667
796
974
285
682
299
604
613
904
902
252
409
598
476
279
230
864
683
293
154
969
899
52
532
900
147
44
492
102
49
558
454
756
681
179
562
545
800
246
579
347
486
42
