939
9564
7787
5088
4479
8991
9034
9726
7408
4643
2811
4690
771
3516
473
1490
5146
6164
4551
2066
4937
1707
4980
4688
4200
2374
8617
7343
9057
7660
4907
5436
8618
6284
9336
811
8620
761
5048
6692
8626
5433
6994
4962
5577
585
2469
5203
7469
5241
2868
5288
6281
5108
2070
7407
559
7345
5285
5744
2101
9638
8540
1404
2205
5612
7974
8466
905
8161
4616
5520
1301
1299
7697
8938
961
8624
3246
9263
2154
1816
5819
2976
7650
871
7429
5105
3601
4366
2007
8722
6588
4357
1156
7704
854
2432
1043
2837
1162
809
8911
5161
8237
5186
6874
2035
766
5715
2827
5716
9270
3237
5208
9312
9583
1740
257
5669
1949
1216
2285
9136
4543
234
4044
14
5945
4525
8240
224
1143
5601
4255
4540
7661
1842
3069
4071
5965
6761
1142
8653
434
9398
6617
1296
7693
2253
55
6797
4285
8369
9145
1660
15
525
3385
997
6629
8348
6313
5193
5477
9663
9068
5422
5618
8522
8086
4089
6447
7170
9970
5427
5709
6907
2423
8609
2387
1451
5200
7560
8439
5549
2730
6637
4549
6387
5265
4981
8828
2276
7041
7200
6581
4529
1890
4356
1090
3449
5953
715
5325
1641
7302
4841
8508
1565
4685
26
4532
6044
7786
4867
2711
3718
9024
9410
3975
3231
1527
5209
7060
9306
9900
3472
7299
3722
2536
2197
2361
5788
7061
6785
2727
2571
3123
684
7815
9211
9792
2503
2079
8362
3064
8188
6149
2046
8740
8581
5314
2834
2708
8220
6517
4371
6928
8285
9671
823
6047
4946
2213
6211
8082
3444
4463
7985
996
7160
1908
4364
2202
2456
5464
2088
1977
1121
7397
6277
934
826
9469
2666
1733
7504
5454
1374
7689
1577
5683
5237
3888
5881
4629
9465
8713
5725
9302
9500
2966
3813
7584
4547
6442
7836
3112
3137
3513
8603
5871
7333
4340
9437
8783
4577
818
2274
9197
4420
6323
8545
1462
8069
103
5631
7436
8284
2899
5071
5808
239
8792
7970
5229
8887
7292
354
2189
1581
1892
5067
8872
4658
1924
3194
6677
2764
9308
3739
3966
455
2809
4504
8390
497
8354
7264
1395
9323
8917
2920
8811
7134
6956
7824
5421
4703
7518
1135
6326
1967
3862
4923
7798
4487
2108
9935
3751
6146
9755
3556
6286
9692
5384
2618
5916
6720
9122
1855
322
1979
9882
6552
1657
3471
9920
8128
7604
3768
5111
8946
7666
3602
8281
867
3664
1984
9802
2789
5487
9884
8353
9112
4492
1619
1973
3885
2723
9840
9326
4041
2310
6966
6163
6796
4968
2454
9944
808
8280
9906
5269
1392
8323
2940
9272
4252
7574
7860
1388
9534
8543
3367
9706
3628
7017
3801
9966
5747
5047
6987
8194
5025
2724
3362
8521
7662
7132
3745
2927
9237
6346
4017
8066
3052
2166
536
8436
2161
5077
1270
8409
4944
6413
2061
9128
1399
9932
1807
6216
2848
5636
2722
4600
3400
6390
4458
8018
5449
1599
6771
6414
6571
8203
7746
1746
4273
9810
8884
646
2303
4862
4993
2219
6515
8185
625
1267
5115
9629
5673
292
8447
5242
3795
6242
4628
1747
804
5551
9341
3642
4261
3187
1330
8058
6437
1880
2298
195
5882
7320
3299
733
9908
9795
1710
9686
6528
2218
8766
9780
5357
8267
4036
5599
4272
3169
4732
5884
4298
344
2684
7909
8399
4715
8299
757
9904
6681
8640
2132
7729
8461
3825
3544
5891
4293
3235
9382
9013
1229
3793
6246
2902
3084
5366
9836
7433
9995
180
6755
6066
7308
7091
5275
1488
5650
8879
5391
7169
623
1219
5324
4054
3026
3843
5420
1
6816
1956
4303
6513
3500
2236
7438
7085
6006
7987
9148
7795
6564
1743
2124
8290
2267
1263
9551
2437
4486
3171
1666
3674
9387
5769
8221
8345
5312
6802
6569
3227
7042
5332
1606
7998
9099
578
9070
2231
5125
3526
5776
3689
9653
605
9023
5134
3807
8242
6578
34
4879
4117
6388
3993
3753
6682
6075
2134
107
2613
5668
6829
8003
6989
5818
6936
8935
9463
1472
1426
8079
8944
4051
1329
5373
9090
5619
9154
1783
995
5971
8219
1532
6779
6426
8394
2232
9027
6334
4650
7108
5344
4312
2018
4005
3529
2875
9014
3600
5925
1020
4627
8628
6210
4013
938
1410
3620
8982
7220
9416
976
4127
9799
5713
4542
9894
2831
1470
9370
1408
415
7743
5710
3842
6352
5199
8850
7506
9507
4139
3078
2244
3338
20
499
5432
7079
1871
8412
3573
4722
8392
9857
6807
6307
4319
6179
8970
4747
6691
9862
3869
8513
2042
9648
8590
8121
9695
9603
3214
1802
9039
2791
187
1273
9109
1161
8028
3720
5258
9718
2351
311
8903
4905
6724
6855
9006
8778
4683
5890
2216
6894
9246
9142
5755
4611
4787
2973
9989
1078
884
7164
4773
3475
432
7222
8375
4645
5059
7713
1380
3279
7184
1336
6945
5579
909
2629
9693
7854
1868
8057
2111
64
6927
8748
5058
2105
9591
7368
8340
2533
7312
9661
7315
9523
3290
3635
6159
6264
3515
8631
3008
3232
6138
8875
9104
8797
7338
1519
8144
8673
9495
7641
3705
9381
161
2796
4441
4294
4403
534
6306
6702
1786
275
3082
821
2841
7046
3805
3434
4447
2127
2284
6036
8716
458
7239
8772
1199
3755
447
6362
1872
7070
5734
9071
4724
1919
5371
2143
4186
8798
5404
1221
5414
1123
3039
250
6909
8004
6291
4300
9426
8371
240
1547
9558
8502
6529
113
3942
910
8536
6289
4727
2916
1441
2243
6417
8143
2986
2716
312
2306
9475
6314
8734
2647
1981
5390
4526
5550
3223
347
9949
7754
5004
8209
6354
3599
4698
5634
5941
353
4646
8981
266
6410
3980
7711
4003
9971
4256
1166
3017
8329
9173
7466
1957
3378
6347
2475
78
3289
9609
7640
184
6737
3826
856
8070
9548
9231
3477
951
6700
2903
6002
6795
6701
6266
7867
2337
5984
5082
9665
6999
4734
9217
8570
6466
5779
2363
1827
6124
1099
872
1782
1050
4305
2892
3584
1751
1940
2939
8659
7445
924
1035
7774
7694
3193
8270
6162
6133
4110
2324
640
5187
4805
162
1497
7348
3284
8764
1910
927
2888
2230
7654
5934
8312
5397
2755
6756
535
2417
548
483
3201
8931
1719
8830
1997
2625
5185
294
6241
7983
8289
545
1210
6522
2183
9740
4819
7441
5202
8995
2157
6710
8245
5646
4539
5638
744
2114
6502
9207
9098
8109
7626
6665
7440
2450
8862
7100
2009
7207
8579
7903
956
4709
5164
506
7045
1846
9251
9120
8614
5960
8489
191
1520
6910
8957
6084
2627
1238
9605
3370
6394
3828
9451
8486
8599
1146
2400
1487
8132
7526
9734
721
6607
6495
8546
3042
5644
1208
2865
8115
9627
4897
3777
5839
6530
3811
7495
330
1785
4608
7667
7946
7563
9352
4663
9324
3502
5754
49
2638
7290
7972
2877
844
6363
3317
8914
6920
5721
9832
6294
5232
5220
778
7917
8516
393
5837
4839
9494
7344
6897
5495
8948
9436
6836
3726
3053
9074
8495
552
1100
4322
3656
6941
9981
9384
3895
5739
7953
2041
7976
6864
1204
5037
4736
9042
8136
8529
3568
1734
6449
6392
5405
8293
2540
4768
5252
5829
9994
6141
3897
2790
7888
2639
9542
1134
9335
6035
2486
7298
4535
4801
4548
1755
6206
681
168
6763
7193
6220
9278
4216
397
3812
7121
712
1077
6137
5407
4396
835
5518
6776
5918
4878
8825
775
7084
3043
2537
267
7414
1878
1831
8396
2144
3153
5836
3957
8328
5850
6244
3351
8637
2472
829
8456
3494
1574
3501
6190
6338
8124
1717
3837
524
5600
6377
7087
6178
730
9236
3621
2025
9051
7782
2963
3379
4104
964
3614
2464
7390
9764
4686
5153
2914
7238
3675
3537
8656
3125
9311
9076
2971
1185
4911
6375
4390
8051
6432
164
7794
3260
8973
3961
1549
2103
7424
3976
4552
6438
2938
8019
8283
3287
8661
8688
2015
3113
9610
9881
5233
1648
9983
6518
6835
4295
6341
637
7183
4172
7007
5409
8548
8229
92
9264
9470
5806
3451
3649
5617
857
8845
2214
9238
5633
3630
2237
8355
7840
2879
1196
1670
1650
1362
4257
6371
3632
9559
9776
6913
9640
1413
8295
783
2951
3772
314
83
2556
5570
4541
6500
4046
1118
8106
615
2087
5210
6712
1592
3868
5865
3770
4049
248
1040
9701
437
3118
3654
1170
4927
1007
3810
4729
244
843
8325
9176
1218
3354
6877
3110
6503
2975
4130
2177
4817
7514
7908
7334
1943
8863
3547
573
4445
7399
1069
6052
9615
3719
4781
8292
6778
8253
4131
7276
2529
5983
5418
2058
3519
849
6811
8272
1972
5783
188
8133
572
7050
9954
5279
3817
8906
4998
4111
9081
6199
8339
1749
1836
8913
4831
5396
1317
7727
5977
5411
5247
7231
874
5528
8108
1021
4899
8606
8815
5775
1318
4558
3728
3930
2544
9730
454
6995
2729
3390
8577
8110
1730
2395
2260
2745
60
4849
6389
5506
7065
608
9622
8464
1897
7627
4167
8643
3311
7124
9038
5827
8286
6851
3853
8250
3138
590
4573
8714
3357
7988
1792
6265
3093
2607
4797
1145
2822
4096
9539
3682
7960
9922
1922
4058
5169
5270
101
2316
1454
6843
3769
5123
2014
9878
5571
6123
1704
2808
2125
4726
3324
5948
8829
5581
8712
1669
6672
5851
9015
1211
5762
6208
8249
889
6439
9205
4235
1682
1324
5511
1511
5267
8365
9715
3011
7206
4462
2893
8434
2910
1249
8814
3027
6850
6433
5572
7330
7826
3464
2235
1048
7739
5246
6732
7234
5147
8105
7962
7354
4489
3097
2609
6775
3539
6889
7049
6777
9593
5458
6353
8011
6469
3679
3034
7905
2598
4449
1122
1607
1114
4508
6252
3947
1745
7940
8150
212
1810
719
3867
7052
6372
213
2399
9973
627
1822
4208
4439
3091
6262
1706
6497
7112
203
4268
1987
9532
3655
9838
8022
993
9078
1687
2512
4362
3270
9875
3442
2405
8542
5416
109
4909
514
5912
3640
3956
7099
6958
8649
1344
4019
9937
9828
444
4348
2494
8664
3219
5084
4078
4464
9198
2572
785
1873
3168
3469
1690
2782
8164
6971
6155
18
3911
39
5586
6543
1397
1489
7855
4935
2292
7384
6557
8470
2428
2032
1750
3623
5065
5363
1277
1541
3781
2561
5735
9511
1212
7775
3580
6556
9666
7417
5129
6046
6072
6256
7930
2688
7148
6071
2068
3421
6280
8103
9253
4453
5475
7001
9580
2076
967
478
2441
2660
4956
1457
2130
7073
7508
2003
3204
2622
1038
772
8104
832
2518
9578
8264
1271
8140
9835
9048
5043
9863
8794
9708
9679
7102
9259
6718
4323
8665
7020
1905
2620
7051
2697
3808
1715
8654
2468
4992
2967
8572
3491
8389
3399
6005
7212
9113
9149
7450
1347
2493
435
2397
5348
6165
1287
1250
3659
7387
859
1231
4428
6139
655
9794
80
6834
6183
2995
6122
6974
7110
8801
5764
6947
6369
7884
6143
4916
8756
2077
2375
7599
2302
2736
7920
723
9342
1144
9916
6105
6489
4129
7886
8232
303
9688
3578
3924
5172
7336
7284
403
2495
6881
5970
3984
8978
2864
5154
6025
9912
5272
5440
1675
7401
9600
3750
6467
1460
112
2201
1625
7621
8224
1354
6630
9012
1322
1217
1407
9368
5667
2449
5791
283
7305
595
4778
7018
3619
6300
5035
5092
4451
7114
4708
7242
7228
2036
6331
8384
7443
8796
5993
1352
8223
4585
2763
6219
706
8565
9309
5879
8694
3992
4851
3205
5014
5701
4308
6766
9380
6032
1567
2250
3921
6415
6061
5479
7197
7269
4891
1806
5430
7803
8893
4265
1027
9063
179
4215
5637
2549
1483
4866
2455
6493
2732
9682
2275
9471
9030
3143
5415
2773
5214
9595
7253
9868
2242
689
4885
5274
8500
2396
9219
406
5070
2900
8736
7353
1514
7078
4812
4413
5750
3708
9158
5499
4725
5480
2558
4794
567
3698
5606
7509
558
9691
1917
4114
9126
7176
6
5271
5171
79
5484
1554
3872
9722
2431
2847
9498
342
8415
4753
16
9189
724
256
4605
3598
8800
1504
1699
8922
7639
8587
4933
307
7933
3405
5168
9028
6849
2895
7251
118
1325
4606
880
1008
2695
1741
5468
6236
4337
1787
3622
1801
2871
8831
3831
6243
6708
5423
3788
7673
4493
3840
9165
7432
8551
6027
3376
7127
9879
5262
5490
6822
7340
7133
1261
6043
885
6800
4018
3420
5492
3207
3959
7083
4035
4122
8942
5840
9062
6403
7768
1258
3225
1637
9481
6174
7202
8886
3485
9043
5988
1443
6156
3776
9409
2542
1990
7567
2474
225
5531
9248
8986
5624
4389
167
3251
6282
2435
350
3163
5517
3416
4185
7403
7607
865
1120
943
6274
6161
4221
7989
8961
886
6656
6765
5306
9668
5930
9965
4792
6131
1191
1248
2744
2714
6550
8095
8080
3092
333
5045
2438
8807
966
1006
7000
2099
3794
5395
5899
2295
1623
7131
3130
2149
3829
1703
4854
4555
4545
4701
6819
8007
2056
4467
7964
4141
6117
2001
8574
9716
4620
3343
2376
8093
2658
443
5009
3882
3787
210
9428
9793
588
8683
9820
6292
466
1689
6601
3747
5017
8681
2069
1798
7144
7961
3839
8234
6788
6575
5773
6658
5521
6669
1573
4444
8930
291
5805
881
7996
3771
1608
6753
9097
4137
7990
9254
2372
5981
357
5798
7881
7678
9489
6798
108
6424
8754
6418
4498
1510
4619
1862
7479
8459
5368
3871
2478
8303
3934
8934
7891
2756
6554
9502
1543
1137
6866
3636
4452
419
4264
4385
8652
7966
5207
9967
93
7406
6113
9712
3541
4165
8333
9492
9848
1314
3073
7705
5201
1075
8308
388
5741
3259
6082
7540
381
8505
7175
3258
2246
3342
3669
7300
5720
175
813
1152
9334
9919
2327
315
5339
5321
8085
9177
2817
5173
3415
3441
5135
8151
1372
5558
7142
7270
7194
3145
7709
773
2954
4271
704
1809
1895
4251
5957
3105
762
3866
363
2932
4661
3954
2596
7706
2898
7431
6038
2011
3841
220
2321
4578
2418
2252
6567
2741
4837
686
7191
6780
9105
8376
2262
2172
6833
9643
2583
6308
6532
5329
4448
4410
2502
6148
5794
7236
4082
1486
5494
3844
7309
6191
3716
4411
9349
6731
6976
5900
7054
9830
9634
4918
2778
3195
3316
4107
2677
6344
7619
6332
6034
4443
2818
2391
4065
8318
1461
8034
1795
8215
3517
5064
3721
5447
3520
7473
971
9462
6876
5689
3226
7537
9613
1200
2319
6185
3293
9257
4670
1405
6838
2891
5320
1936
7557
4569
8765
2133
3041
7335
9950
5434
3000
9926
3452
8075
8030
3374
5756
6660
6627
4491
6820
7808
4140
8379
5580
7439
4531
7421
6384
6015
6296
3117
7289
8192
4672
3836
9955
4810
673
7152
6030
8473
5144
4387
9262
8029
170
8589
500
7351
697
9480
2800
994
9166
8563
8356
31
5103
1915
4317
7103
5920
1575
6069
4528
4152
7465
7862
7643
1499
5474
3015
9155
1975
5597
6349
9813
246
1226
1918
1695
7969
4825
8119
7916
2692
2210
209
1032
5335
1935
2414
3189
2585
3382
7685
5786
5374
5142
7542
3950
7378
9411
2955
2726
5015
4677
8122
3264
9545
2091
2356
7072
2378
1885
125
2950
9362
8273
9151
4623
1476
8490
2894
2313
3686
6100
639
7097
8697
3878
1288
3305
1133
2948
3582
2346
5944
2559
4162
3898
4353
9446
1125
1014
9505
3267
4505
8809
8686
81
3419
8759
3667
4774
4714
2354
9938
7581
1319
4886
9632
6585
8578
9972
594
2491
8538
5197
4572
3569
9021
2962
4030
6033
105
4174
3156
6667
8557
9108
491
3784
3375
630
8000
8497
4700
9520
8627
4820
1171
3900
4126
6498
7926
9896
3800
97
7342
2362
8422
6091
4931
8301
4771
3605
9420
3596
4599
3923
6687
7598
9402
7262
5661
5997
5530
8972
6899
7151
4482
7938
5263
1945
8042
1903
6671
2825
7723
2589
3307
3552
6230
7388
9157
4870
4363
9445
9508
9839
5770
5627
8533
9617
6758
3321
4888
6499
4607
8347
3303
6824
8176
3029
2211
7551
5594
5797
5873
4234
4972
6561
8169
1523
9243
7688
222
7468
3355
8506
6633
2675
6089
282
3031
3884
3291
6555
3796
7809
6891
8418
4062
3256
4809
6315
564
6068
6853
4205
5724
7648
9114
9517
8499
8
6456
2969
6201
5524
8775
695
6939
3248
5979
4277
5497
5782
6803
1189
7360
7208
6151
7190
6523
7895
2838
1980
1471
2138
9261
5902
3393
4762
2689
7227
5548
5956
1378
1074
1713
6445
4053
3285
6639
3059
6365
7760
4472
756
5457
253
417
6953
4742
9313
4402
8425
6405
4478
828
8663
3650
4094
1209
7381
4079
539
8840
8462
3949
1377
5728
1558
3077
5141
6448
9784
2051
8799
8419
1758
4609
3288
8955
5406
6544
598
914
4864
2473
8259
8928
8837
1379
7636
9497
8181
6580
3328
810
69
4213
8595
7963
5023
3492
1302
4426
1613
3505
8708
4892
2158
9659
4739
7675
1673
6689
5089
4144
3876
3887
1340
3473
7700
576
2942
2170
3545
5328
9260
3424
3470
5996
7527
3910
516
6275
5591
6922
4456
2874
9429
9777
4358
9714
4827
604
9094
7266
9267
8818
796
4228
227
9851
7092
825
1482
1111
7023
2792
4764
7255
38
3680
9557
6053
1376
4538
2766
1966
6721
9417
7589
4333
1056
8184
2203
7547
8113
972
8196
949
6957
1971
6396
1562
2842
5254
6013
8782
1368
5947
7802
3715
3121
4958
3404
1804
3413
4034
9353
3927
7034
8404
2055
4218
947
2612
2768
634
4149
8061
5315
9484
3896
2984
8881
3489
117
5616
3735
6595
8344
3575
6058
1000
6450
3266
7036
4184
9079
5145
4374
4749
4940
5277
3257
2013
4409
850
9355
5291
5086
4846
1506
3744
199
7913
7698
119
3877
411
7380
3197
8723
5150
9305
5167
687
916
1420
895
8413
4191
7710
4291
6666
5362
3438
5901
9020
1068
5127
1896
3687
7223
4177
984
9956
3646
9621
8032
1259
8448
86
8179
8191
6186
5898
9662
5485
9531
2217
6340
9064
4146
7123
6828
3320
8322
1964
5008
1969
1383
5165
3736
4904
6652
306
6268
2983
6576
7365
8416
75
1639
8795
788
6049
8751
4894
88
6605
8474
9913
1866
5349
4266
8909
553
7731
6789
550
8208
4536
9541
4014
3998
6549
862
8912
8951
7716
3004
6482
2239
7210
8839
6840
173
5338
8446
5732
65
3044
7218
7874
5833
9781
3119
1524
9404
9700
6419
9721
5846
8567
2762
9886
372
1661
2367
208
2272
9340
4147
268
5399
465
7856
6579
9100
9649
1739
8741
4914
776
904
9144
4259
3493
7456
7357
8696
4159
8541
2581
1559
1584
252
4437
1992
679
1686
4731
2957
9628
7658
9209
4113
6784
2636
5522
1381
1938
2350
7737
5488
9728
5564
606
8678
5569
7219
1552
4392
8402
510
1537
6944
7954
6245
426
4515
5419
9667
2909
5516
5878
741
2466
7332
8835
1921
4376
9431
4225
2345
5482
7973
5991
4229
1748
5672
6670
5745
8083
7956
9329
6942
356
1799
3021
5843
1856
17
887
7281
3177
1727
5575
6975
1036
2619
3857
8408
8786
2685
1850
5686
7322
2330
1093
6491
6260
2314
974
9283
8041
5097
4150
768
58
183
3192
5864
6911
5296
2045
4697
8623
711
2606
1610
5985
6645
8564
2176
2890
4123
8193
2673
4938
7111
8832
4835
4460
1501
5106
5299
4502
8793
1756
7158
3244
6912
5961
1546
7303
1914
860
4635
7395
4692
6616
795
3952
8027
8359
6563
4602
3564
7889
6762
3627
263
2309
1124
6917
1041
2196
2322
7848
1109
3510
2457
4848
6257
8465
7603
5311
2430
3322
3497
7672
1988
8048
5841
1245
4188
7369
3174
5408
7925
2645
1348
2734
2022
7161
2751
9033
1744
5342
449
4971
8908
3854
4561
8239
9636
1169
8139
5463
369
7967
4675
8904
6050
6223
1300
9274
3919
1084
7024
1080
4513
3191
9783
2578
4871
7254
2080
8205
8962
5814
9874
2709
6727
764
9772
2840
1823
70
1234
2876
7487
6747
5727
9800
137
4875
3941
3983
3985
3173
9360
4335
1815
700
8531
3002
7150
5699
6383
9769
4318
7550
2524
6003
1062
3144
6409
6847
2771
89
6752
1923
1278
10
7872
7273
317
5607
6304
395
7995
6114
4680
2057
5679
7528
1198
7188
2663
1282
7576
2074
5461
1285
4419
5264
279
8487
3945
6997
12
3765
5372
9050
7835
1280
1500
8596
4949
6661
3411
4061
5293
6757
3198
7749
3724
7875
851
3865
5330
4659
5675
5443
4693
7838
6703
6376
1889
2761
8790
7720
8458
6320
7600
9859
1328
5692
6329
7682
8207
9156
6852
9681
24
3309
8451
5099
8703
4309
8705
2592
1079
7358
155
2640
4893
7203
5365
5860
326
1587
6591
8672
6024
633
8773
9180
5189
4201
5792
3858
8975
1465
5862
132
3056
5253
9461
7304
5382
4459
8969
6573
1986
3430
7570
2836
8635
737
5888
7177
1425
5218
9750
7564
5917
1781
334
5317
9985
8916
2930
8324
5681
9741
3364
7324
130
53
2859
2384
6690
7419
3476
6959
445
4280
4603
1534
3972
5234
1047
3915
2987
1701
4429
3740
7248
232
7529
8005
529
2844
3402
7235
9249
4934
4691
7999
9897
7870
8320
4900
8247
4793
9733
7952
6782
9892
1445
4239
48
2781
6463
5452
2424
9213
9946
6565
9519
3683
8317
6674
9424
9709
1754
4118
4031
8894
9752
6625
5621
7807
5595
2941
2659
3863
4822
6636
6473
9286
6719
1153
8210
8983
7382
3938
6646
1479
935
2568
5230
5251
8953
4860
2992
6109
9540
4990
6831
5609
6231
5676
2412
9872
392
607
4029
9242
9607
8114
9562
2667
1875
3963
5424
2411
2278
1389
28
9182
3019
5657
8550
2806
8276
4354
3245
8429
7992
3707
3466
3799
4954
8047
5662
4233
6128
7362
3295
6312
9058
1545
6977
1821
7907
1295
6471
4785
8453
5532
9284
6041
1286
8657
1367
3920
2282
9581
4132
9873
4176
7182
908
8410
3051
3127
8836
5671
6120
9229
1464
2030
6826
3710
3152
2281
3345
1359
6430
2961
451
477
3065
4024
7282
375
621
1148
6929
1771
3337
8491
7044
8971
4953
4995
6048
9869
1912
8789
8888
4610
8510
4343
1385
5823
3672
5911
2527
9592
4865
8094
8600
4115
4330
7594
4133
9579
8039
1677
4047
9880
2227
7181
6773
7625
1228
5978
6921
9826
8262
4223
7736
5645
7971
2509
4339
5931
3733
7929
2487
6218
1902
3962
7805
182
3576
4
6247
4224
9753
1948
2829
6537
1658
1237
9073
6023
9758
7505
6251
7119
343
9025
2263
9619
9132
408
8608
5287
3014
9888
7525
5450
8180
446
5588
207
8182
7696
6092
1959
5102
9510
7904
8726
2655
999
4331
2746
2106
8468
6932
6598
5444
9491
4480
4275
6361
6589
4373
5921
6538
7347
4963
4506
5838
1674
3594
8576
7791
8857
2965
970
729
469
5852
8386
599
6714
2717
8802
8421
5553
2273
8288
7467
8625
4059
5503
8717
765
5943
5073
2027
8503
9822
85
8368
4499
1044
412
6961
5605
702
4497
8037
1646
6355
7879
9265
1098
8023
2067
5369
1366
4135
6931
448
6026
1612
1155
3058
6496
5989
5027
6359
3276
3629
9194
9560
9891
6021
6402
3802
8077
9372
7015
1738
807
4241
6348
560
1003
2286
1298
5666
8442
5889
3458
8479
7425
1891
1659
1700
3484
9786
6704
2579
9241
6960
2758
7062
8549
9496
2401
3886
8063
3671
3212
9597
8187
8405
5343
6395
4987
46
6868
6611
1480
9332
6904
8349
1913
1495
8393
2393
2290
8905
4570
4625
1468
7117
9282
532
6187
100
7665
2489
7771
4845
9608
4669
6620
4565
9055
5905
6099
3907
5298
5284
4648
6175
1272
4783
4730
2198
6925
13
6182
1824
4045
2621
7556
1104
5556
1375
8494
6297
3697
6644
802
6095
6111
5021
3637
1539
2580
979
9486
9744
6792
5466
1058
9244
8806
7064
6535
9797
4103
9670
7216
4614
3756
1788
96
580
2005
6943
429
8767
4237
1453
5565
5880
2615
37
374
7738
7750
4595
8385
3906
7
7482
9468
3889
5802
3422
6045
4639
6968
1502
4267
5886
7418
4068
3111
4245
7370
8774
4360
9172
8558
8687
3641
5459
4814
8300
2094
5883
6037
2164
5784
8847
1083
6890
6590
3068
7896
5608
1001
9871
1773
1693
8629
6954
5980
570
2118
3749
32
6240
4120
5763
6683
4621
8327
4706
7260
177
116
2329
6717
3055
2539
7430
4516
2447
4779
9191
1860
5101
9152
883
7168
3506
6278
9095
6955
7730
5656
2483
9704
9680
9185
4476
1635
786
3218
4823
144
1310
1505
4027
5708
4282
6446
2651
2508
2078
3971
3875
1338
2444
9321
5736
7295
770
8524
4395
4179
1654
6130
1793
9703
8382
4996
3913
382
3234
5614
750
1269
4380
8525
899
5986
2326
2701
4767
7914
5817
4514
5216
2628
5441
467
6949
6884
4678
962
5156
461
2925
8089
7942
1626
4830
5236
6728
4095
7735
868
3486
8511
3782
8539
6587
8947
5584
271
6012
4081
7341
8378
9103
1255
9448
987
7893
394
8869
7185
4733
3162
1064
1334
2247
8313
6815
7412
6649
7447
7653
9514
2538
5104
8483
2460
2413
6458
396
297
1526
6188
8398
551
9121
9456
2757
4740
1566
2650
4802
5654
8858
663
4520
9366
9435
2799
7047
8729
8227
5016
5063
6650
2707
5062
5235
2289
2049
1066
628
2857
7411
1716
9968
7501
3089
2896
2479
7462
8591
953
645
9779
2830
1999
9524
6734
5778
5589
2366
6790
4181
2490
9106
4666
9727
9215
4468
7744
56
6688
9852
310
549
2165
1642
3999
5223
1304
404
400
5140
1463
4808
6848
3408
7912
8006
4903
4384
4850
5876
2215
2388
4222
1016
6229
7472
4896
2251
8084
3083
6545
5429
6336
6436
7618
5695
5620
399
6951
3487
8669
276
9303
7670
6160
3666
1414
4406
5544
7853
3106
5137
5955
5628
4220
5462
6077
1305
3741
7237
968
617
1864
5519
2425
9594
7109
7638
5758
7003
8021
4524
8552
8779
2179
1522
3859
8001
1418
4775
8817
7055
8134
1180
3850
9860
7596
3570
3250
6940
4571
5967
2023
2643
9685
9418
3638
2510
8166
6350
7703
4190
9374
6626
7523
5061
1851
1832
9992
9107
1570
6982
651
2832
538
8615
3373
6217
707
9434
7878
3748
371
4696
3652
2497
6096
6525
7714
6014
6074
9147
8851
484
7948
9133
5240
3673
2072
9537
7671
2821
6533
9918
4253
2774
2021
1952
8885
3559
3262
8642
1604
6746
5927
8125
8732
9377
4304
2026
528
7287
3340
6319
791
3154
1130
8901
5122
858
3760
674
6524
869
3521
3662
2988
7477
8706
2349
7011
6016
7553
9678
1933
6809
4816
7080
5958
4307
2
6083
2193
398
5893
1533
7663
4180
8636
6593
1473
1906
8999
6171
2269
672
8711
3987
9801
2226
6009
902
6198
7601
6715
6007
3325
3995
9816
1509
9905
9032
1722
3727
8246
6786
1525
8091
6978
7337
6470
9178
4166
7993
3096
2554
9585
9000
563
6081
8634
6738
6097
6707
8330
4829
6020
5642
4895
2805
5743
2024
2440
8785
456
2852
675
3018
5360
6962
3085
3447
9220
5869
8472
5790
3178
5825
2104
6804
280
989
7423
5578
4752
3010
9993
5859
9214
3953
7352
1808
7552
963
965
3712
4496
2754
8059
2924
2010
3454
1594
4836
2463
5622
4761
2208
8945
1311
8560
2092
8255
5714
7491
8821
1416
7536
5777
8226
1214
5116
7562
2039
5119
3991
8698
1765
4813
8675
2426
9472
4289
8860
4155
2296
5635
3824
1183
84
6821
6972
9450
5012
9512
2641
5896
472
9997
1157
2270
9870
2392
4964
6521
5081
2016
2936
9953
7404
9459
2591
9846
23
6548
7569
9004
731
6679
3047
2657
8731
8056
7783
4238
4383
163
2141
9582
2904
8155
759
9630
5545
428
2926
1857
9991
1784
1946
4433
8937
2064
5933
6770
6873
1633
5504
7631
5655
3101
378
7861
7922
332
5295
8198
1119
4728
4925
2980
1530
9363
8432
2824
9960
7702
3020
5309
8667
6693
3003
9115
9007
1803
6153
2185
8849
9898
8958
8571
3199
6279
8594
5354
6531
5238
1257
9277
6309
4917
7313
3870
2575
3774
6087
9675
389
8584
2453
5323
2190
8695
9343
3979
1726
892
4655
7755
3392
9978
2120
8890
7984
936
4826
8569
2531
7818
9164
9293
7257
7757
5670
7120
3046
6520
9449
3363
2389
329
3326
94
6145
3925
9811
4006
4604
1961
6373
6624
7575
1039
299
8090
3172
7172
6116
6093
8619
3981
1829
6615
2694
7733
3958
1126
1628
186
8556
4553
6400
2240
6638
7375
6740
3275
1725
3167
9365
3933
9351
9196
5375
8924
1583
62
185
4283
4744
1063
4684
5078
7310
3648
1894
7402
270
8612
7452
2142
2485
7363
2283
3815
82
3149
3025
3743
198
8988
4050
9746
7066
1179
1528
6200
3129
9394
8411
4580
8610
9658
8519
3702
8691
135
1531
8088
1881
2979
9408
7740
2339
335
3071
6673
339
7393
1662
1582
414
2379
5906
7243
6324
9386
6902
5625
6965
5626
6062
57
8630
5019
9140
1576
8222
4329
6886
440
5660
1767
5303
7869
2062
8400
7612
4977
8752
9574
7426
6663
2181
8679
8427
7715
5160
3410
2933
1901
925
2826
6654
9751
897
6106
7806
2569
4432
2813
8739
4193
574
6302
2712
6168
7166
3757
91
8923
7258
7096
513
6577
3380
5887
928
2991
4073
8648
8515
5872
8645
2102
5219
5820
1102
3217
7116
1459
2981
3115
940
6572
5196
8177
2403
4469
5547
3141
6634
6455
4138
3773
4093
1632
1244
4106
4109
2305
9518
7077
4352
1491
202
6170
3372
5509
9589
8383
4359
1888
8523
6506
7897
6551
582
4501
2911
50
2733
1205
2576
277
1603
519
8266
9910
5177
9521
9697
272
2803
7405
9096
3308
9798
1932
1355
6613
9346
8485
3479
6801
6991
4743
2427
418
812
6504
6791
68
2171
677
4974
5748
7396
7843
3255
3951
4874
3358
3820
801
7307
8834
1655
8846
1203
5929
5126
2470
9419
2167
2947
6472
4982
1684
4161
3136
460
4297
4260
5095
8874
8013
5478
3313
845
7317
1876
8907
1113
5305
9696
7943
9195
4196
8254
9943
3133
6017
9576
273
1780
6514
9046
734
9256
9250
1398
214
4882
6662
5969
8332
4534
4494
8141
1947
1492
3783
6299
7460
1993
7804
6325
2365
9533
102
5604
8397
7277
2222
2776
521
3186
6733
2480
2946
5052
3734
2562
6057
8480
9821
3281
1136
6772
4584
3597
8588
4985
8201
9614
6147
2793
571
6457
6722
5190
9206
9815
5388
174
4012
5863
4244
2886
7157
9413
9102
2959
6993
5534
1853
1518
4086
4615
2577
9656
5471
4855
3577
9999
4128
9457
1034
6461
5162
8761
8966
3699
2522
4495
9037
8228
3711
9252
7146
104
9683
6964
8692
3425
7659
7221
2358
1429
8747
6713
9934
6813
9631
4157
8941
8826
5244
7178
3531
7588
5722
8336
5793
1805
7578
7635
8053
4148
8130
7549
4978
7734
6871
7814
3131
7796
2065
8467
1721
6845
6154
8062
3693
7367
453
735
3779
7841
7684
5560
9889
2180
6391
470
9563
5561
6031
7676
3618
8407
5576
6574
4455
5512
6059
8685
424
9711
8391
7413
5491
1227
9075
3986
8050
7892
8585
7233
6723
464
626
5698
6172
5885
9988
4060
7921
9203
3099
9731
6686
8036
6600
6421
4067
1065
5026
7579
4583
6233
7975
4868
2835
3006
7732
3883
6234
7677
6640
8730
3848
4966
7668
8380
1965
385
9687
9118
7656
6475
6255
767
948
1306
205
6768
1081
3665
1790
5749
1358
5711
898
6937
5347
9291
693
4815
2753
5849
8296
1091
98
7069
5435
8889
4869
3033
5376
4745
3443
1428
7857
8445
6880
4189
1141
5760
5496
5005
6088
4786
4069
7265
508
9287
5526
6328
7522
3323
6054
7128
2081
5653
3220
238
3725
6358
3717
1230
5212
4910
7629
2937
9544
1705
3593
7934
5853
1256
9061
7031
7349
1845
9406
2526
4712
8343
5855
4195
5684
4171
452
3009
6339
1450
450
5227
8078
1757
4393
2044
7864
9273
9713
1515
9008
1951
5685
9473
1586
7510
5502
8452
4037
4424
9642
7657
1535
6132
4832
6485
9412
200
7521
4824
9849
9936
7032
6486
4763
7585
612
8175
9487
1307
8138
5036
9084
6818
9719
5705
8633
9388
1439
7674
3555
1289
638
1974
2584
7226
8274
8120
6382
4806
6197
1830
8277
1649
5796
6998
423
1320
2901
4210
9204
4021
7899
6427
4098
8702
2383
5972
2953
5897
498
7415
8351
9761
9421
5623
8496
5632
6177
3645
7978
9378
4040
1331
7923
1828
247
8430
6152
7246
4296
4784
4204
3081
5377
7249
1976
7590
5664
4091
4247
2528
1175
1688
487
9117
5301
752
3361
2850
7067
7267
9389
4010
4574
3221
1127
3835
9959
1193
9175
243
3767
9304
3608
4721
3527
6001
8900
6076
8137
3274
313
9292
9234
7002
7058
2451
9590
3254
5313
4898
4984
7225
3988
4596
1865
8856
4484
692
6906
7845
3714
9525
7005
2109
4554
8526
7122
7911
5163
4488
879
4948
4567
2249
8650
8477
716
433
7089
739
4579
2184
7016
7500
3048
8902
3446
196
2002
6222
8202
8319
3615
3179
328
3935
2043
7717
5994
7280
8559
4102
9812
2436
138
260
4290
6295
318
8804
7924
6429
2752
5379
2704
3644
7118
882
158
3038
5400
5593
7546
8099
8808
4315
3542
4765
3746
2225
557
7839
1164
4853
5596
2534
5950
998
1548
6368
2407
1309
1496
3847
3791
569
3534
7143
3236
3158
4345
9490
7885
295
952
8135
5774
4717
8676
8805
5079
5766
2241
7543
656
5385
6103
9829
3557
8651
6311
1129
1796
6379
5542
542
7327
8096
2977
4430
5476
888
221
7756
652
5096
1178
8622
1251
8950
8854
4947
5964
359
5868
9931
7632
6599
2676
3080
620
8873
2421
1240
9843
8929
8157
7455
8186
2815
7247
3388
1953
3401
8915
1400
6272
9606
2780
2869
9861
6540
7199
891
3852
3973
5087
3703
3269
5922
3037
3107
6067
2135
9035
1676
5006
3160
9390
7634
1241
668
1617
5398
2308
3230
4863
7135
7801
2573
3090
6892
1011
1553
8561
732
7459
6896
7691
3591
2997
4199
2173
4254
3977
122
7026
7107
929
8580
3551
522
6176
2086
3507
4667
6536
2299
2582
6915
6115
4644
3814
1177
523
6276
2656
787
9218
8374
7314
3181
3730
9200
7577
8655
9921
3651
918
7385
30
7427
8216
3206
2564
40
8211
1276
7572
8156
8190
431
1434
5574
2419
2507
3116
7844
9301
7742
8977
8426
1436
1022
1557
7947
1735
5804
9258
5752
5489
8401
3763
2993
1928
2476
3209
1386
3468
4906
3803
2602
3931
9573
1634
7751
8762
5152
4859
1467
3676
9914
7106
8068
8046
6592
8200
9773
1645
4151
1284
7068
370
7707
2883
7288
5183
5139
9975
9824
1672
7863
503
3864
8016
2858
6622
3540
6166
7082
782
2348
4427
6063
5243
3798
6416
1958
8956
6505
3109
3022
1101
6125
7692
4232
579
7955
3350
2982
9909
7520
1503
803
8444
8980
4407
9791
9049
8658
9119
9847
9433
6967
2718
2344
4930
4242
6134
1698
1106
61
3346
7022
1611
709
2552
5848
2878
3146
6490
2516
9280
156
4112
2500
8940
6885
7968
9146
5260
9080
9275
4880
262
745
9171
4209
5680
4311
9003
1813
386
1916
4913
5195
7301
1321
4121
1900
5100
6865
6870
8173
8959
72
2747
7900
9522
2053
5924
9569
4341
1254
7788
6754
8043
591
728
7664
7093
1691
2912
1005
9153
9331
1207
2566
3076
4342
725
7167
6420
2110
9101
8116
7779
6918
2443
1371
7644
2570
1879
4465
5327
6381
3804
1421
5951
4750
193
1679
4063
5973
1614
5257
618
7753
6397
2990
1854
5999
4471
2152
1970
9245
6345
4634
710
4711
784
4217
7785
7458
8460
7454
4705
7880
8816
781
8757
4922
4346
9125
6510
5639
2323
2922
6221
9748
3079
5194
4654
8072
457
6398
1110
7781
6872
5120
1067
5179
3612
6209
1569
1937
4795
4055
9124
2535
2720
3974
8025
5310
9501
8335
7725
1819
8256
3253
9723
5693
5733
3211
3849
4757
9689
7105
3766
4796
2277
7752
1026
215
9825
7624
1542
3074
9036
2288
1702
8263
6004
2146
9478
6283
5541
8067
3228
1618
1253
1158
1246
4959
8123
1944
7958
2047
5527
201
8008
7764
7777
9322
4292
2019
1206
760
5809
3159
5055
9729
2073
6750
7793
1225
2881
847
9538
6562
616
8547
5746
3242
2382
9347
919
1714
9407
2784
8165
1096
3467
2433
555
6129
4248
8718
2833
1590
8992
2665
1107
139
1580
566
8824
3164
2093
106
9535
8158
3202
3263
5060
4274
3459
5151
6623
3185
3013
7291
7770
4915
1652
2477
6844
5514
9077
3062
7583
9976
9
4250
7318
1772
6214
7503
3304
2204
8812
1643
9085
1239
4674
6501
7154
9441
4454
6698
1437
2906
5826
1423
9053
1847
181
4026
6887
1054
8891
131
7918
8441
8721
7126
5510
2919
1779
9029
5113
3120
1293
5940
9056
5712
9009
6259
9788
9179
4202
3964
5767
7851
9135
9639
3165
5677
8876
1357
7498
8682
5393
5280
6258
4156
7389
6119
502
3427
2040
800
5261
9694
8238
1708
7204
3463
2710
9228
7821
4989
2779
340
9550
245
9684
7708
5858
7383
8607
4594
2867
4284
4622
6428
9169
7615
9477
9427
251
3579
1412
1433
8212
4466
9294
2989
1615
3792
2905
6298
717
8403
3049
7366
2050
6946
3482
3758
669
4617
3318
4033
9903
1181
6830
6321
4587
5936
7630
7261
5417
9001
9737
1345
1869
8749
19
6760
2765
2820
1315
9454
3088
2797
8488
1620
6180
3061
8225
4219
8544
7538
7516
2923
5352
1059
5952
4310
985
1343
3610
5268
8315
3499
5054
7902
7398
4842
5543
9127
9065
6604
2731
5914
4632
2690
6110
593
1085
7534
986
1899
7580
285
8768
3969
7633
3241
4932
4007
8373
9698
9941
5498
8279
746
5811
5174
1095
8853
9957
7171
8064
7453
9255
2445
5273
6711
7593
9396
5392
7321
8949
2287
9570
493
9641
3786
7554
8417
6990
4263
1664
9549
7101
1097
2297
5729
7400
610
8918
7858
4414
7898
9415
6519
6070
6425
2642
9790
2853
1711
2595
5483
4556
6357
3845
5034
4378
3368
2588
7548
5915
7531
4070
8159
7565
9763
7765
305
2063
9359
2998
2220
941
5723
5611
6019
8101
7767
8788
2195
6042
3268
932
2860
3723
9045
324
5854
4153
1474
9588
9635
5678
7980
7037
6842
9547
3175
7328
3100
3150
2257
1858
3916
9300
2256
7195
9018
922
4048
3356
4243
4720
8294
1187
5812
8674
1281
6108
1176
9854
8035
3994
7009
3243
5573
5239
955
8326
7591
1057
6867
6680
1469
5381
6290
1512
8742
7275
4991
8438
8044
436
7645
348
4522
7285
298
2614
4198
1029
6584
5326
6406
1195
6051
9443
3670
8592
7474
7155
8258
2467
9982
515
4270
6000
1939
2488
9806
6481
1297
3607
556
8081
4421
8152
4203
2123
2725
274
5000
9044
7724
1563
4737
1232
5211
1797
6342
7374
8360
4511
373
4074
5318
2098
5467
9952
8352
5828
9072
4631
3663
9775
8671
9279
4530
7790
4983
3114
8087
2187
6422
9110
8553
9546
7326
6232
8662
9575
7977
6509
6464
157
265
7616
8020
658
3007
4408
8297
6858
661
1550
2839
7800
9803
4738
8987
235
2633
1294
544
4928
7595
485
9928
1015
1159
9345
1370
2968
8810
8199
9654
288
3426
425
2398
8964
9067
4926
9528
8268
229
5559
1911
6142
4512
8641
4652
1768
427
1538
9344
9808
5903
5696
3809
6546
7179
4379
9858
8278
1393
7229
1475
1409
4108
4649
3067
178
3301
1769
486
9924
3329
1202
3406
5949
1800
9393
6823
1422
7371
7224
7810
8357
4901
7623
2020
3752
1268
5091
2140
5300
3124
8252
4286
3595
3905
2770
827
1403
4952
5387
4401
6888
4002
6483
9814
2851
4092
8213
4052
286
2368
3978
4568
3944
409
1052
5118
5290
1017
5942
6856
2985
8363
5861
8733
3366
5049
9320
7939
6028
1313
8755
5355
9139
4560
9422
1466
3462
5647
4642
3860
4375
5780
5121
8632
8236
4328
7147
991
2071
44
6253
3347
6825
6207
8597
7820
8233
5259
957
8781
4973
5032
4477
2168
1160
1446
1326
9361
9476
9529
1481
838
7965
8895
839
1415
960
5226
2352
7028
9002
2404
5742
2017
2843
5286
2637
4760
321
3108
5719
4404
1774
1883
2122
3583
1103
6476
3436
7446
5225
6226
7647
3208
6189
930
6981
5907
1647
8770
2949
636
7614
7272
981
7486
1112
4474
6919
7483
2084
3996
8833
7063
1568
361
6898
5356
4301
3855
5525
3553
2199
4088
2767
2683
4457
7256
349
9268
3050
3616
4175
6516
5694
834
1447
4950
2279
9566
8882
6648
9060
355
4412
9395
7873
21
4399
3989
3203
6343
8307
8803
3780
8979
4509
4741
3936
7316
4332
8055
2153
2873
9026
2812
2632
9601
518
254
848
9010
8331
9624
1778
8163
7339
8017
5789
1364
3660
9690
6008
9951
442
150
7033
9163
4889
365
6878
5345
3589
8476
4908
5331
2759
3523
6434
441
6597
5451
6443
2097
517
7359
3861
9543
8189
4440
391
3440
5923
1266
9269
495
1323
1108
4281
2054
6759
866
2492
9942
2385
4011
3668
3445
9823
5856
110
643
3294
8855
7294
4858
2416
2616
430
2928
4119
9705
3538
581
5832
9047
7792
9633
747
6559
753
7494
3229
2341
7098
6827
1292
8518
9111
792
1128
4236
1031
1737
5847
9725
1049
2194
7935
520
3899
1264
5402
5795
6694
5040
8534
836
7021
6254
5982
5585
327
1073
9276
6553
6121
8725
1233
9208
3937
975
5810
5629
9425
7434
7778
614
7772
7475
8231
9876
926
9552
2586
6098
8680
8302
8753
4124
9150
9192
2519
769
7507
2594
5281
4178
4134
9232
7090
3609
6526
4664
281
1835
3565
7915
7198
8377
896
1898
4986
8206
8364
1172
1985
2209
1861
4258
9129
2271
5674
9770
2355
1668
1390
1215
3550
3418
3460
7437
147
5289
9447
5278
5107
7325
815
1766
9371
9499
6783
4434
7936
8877
6301
1630
390
7027
546
5928
4192
5815
4647
5500
1351
8423
5552
4490
479
2501
3955
6333
4653
7095
6628
1384
1591
7478
7379
9768
1406
4438
6144
4593
4942
9536
7296
6239
4517
2994
3478
6107
3688
1867
1243
1430
8145
8045
5231
111
7890
4143
1884
8993
5336
4425
9348
6893
7283
3122
7029
613
5937
1442
7652
5737
9016
2845
7088
1308
3104
7187
115
8660
3070
9485
6462
5821
8265
3386
2085
7866
4001
9310
9927
4347
4075
6465
5124
1431
5044
6079
2541
9885
269
4207
1082
903
4313
1150
4262
362
3790
3624
3816
6380
7561
421
6837
8370
5867
9230
8989
420
4591
4877
1825
5370
7030
9998
1335
2828
2335
3874
7555
9031
4418
7511
6642
9159
4799
9655
384
5529
2565
2740
2150
2525
5892
1995
2823
6769
4279
6934
9167
4125
5410
6248
9778
9082
3155
8976
6213
8111
8040
6781
43
4630
2960
3838
1260
5537
8932
3180
973
95
7545
7919
4164
278
5051
977
3496
8602
490
6832
9506
9652
1140
6249
9596
5472
8244
3625
6984
6992
8428
5962
6805
9493
853
1763
5041
6303
8337
6736
7306
9980
8260
8621
3834
3604
5470
3535
8031
7071
816
5959
6267
9554
6310
8338
3695
1236
7094
9442
376
9958
8305
1791
954
3224
7610
1361
3704
3087
758
5508
8866
9369
4231
1742
7937
7642
3239
726
7852
5894
5935
4592
9086
114
9091
2312
9707
2545
352
8568
4299
9807
7346
9771
6135
6534
5206
3151
714
8859
7057
9271
969
1752
4431
8414
7780
7539
1989
2555
9403
3142
6193
7240
6492
8575
6883
8387
9644
2557
8601
379
2291
8009
3514
5294
2439
1794
6367
4136
5182
5615
3481
410
7797
6743
7766
1149
982
7822
9917
7817
5895
3216
5757
3432
622
3563
2505
8896
705
6452
8197
738
5768
1092
2075
1089
6854
1002
33
5057
9093
189
4564
9809
3238
6863
4821
337
9637
3428
4921
2970
7837
4442
5228
7497
4470
2159
5094
6090
7372
5665
7819
5170
8346
4716
842
3188
701
6916
1624
3140
9066
8148
9453
8367
7882
2907
7476
7059
822
7681
2945
6511
6606
2119
358
1844
685
9947
3661
8435
6675
565
5507
3785
6725
8871
8304
3261
7435
3912
6327
9902
8707
5919
5350
9626
1667
1402
5307
9974
9516
8562
7355
3543
4638
3818
7829
6351
8727
7013
676
6846
4790
2342
3395
9288
5966
3560
840
1811
488
4230
3509
5731
4660
8162
8287
7163
7613
4999
5592
4713
6126
3821
1826
2381
7533
3483
2265
9017
5445
9298
5975
7513
2738
8582
1411
5874
284
4857
2737
2373
5460
2521
6386
8819
5835
5046
9623
6316
2498
3407
6479
5932
6647
6948
7690
9088
3873
8015
3967
915
1814
9939
5659
3891
4756
3701
1275
8864
7679
9856
690
6112
8870
7484
7776
2887
7991
8842
9987
3892
35
8358
2560
27
2952
1852
3819
41
9385
2856
5256
2340
2550
5159
507
7196
8112
3075
7957
1163
5428
1033
4755
688
6399
2338
2515
9350
649
7609
5610
7823
794
9193
7847
3851
9677
9923
1840
4435
218
9052
1732
1444
5020
1941
2775
2785
2931
648
670
696
3590
4087
3880
123
990
7499
9285
1968
8776
5505
3691
1962
7422
5361
1046
3643
7758
241
2816
5181
8342
2402
727
6317
1920
264
9996
7986
7719
9827
2148
9963
6293
5353
77
9222
8217
3968
5803
3296
4368
9116
2880
5333
4287
3761
6793
8271
8787
3611
7541
206
7813
8100
531
3086
2139
2129
9743
5143
8311
3272
3922
90
176
797
2807
6370
4400
1498
1950
7695
4338
2234
8170
5117
2974
7386
748
8052
5567
5781
9901
1432
1247
3134
568
5704
7012
4365
9337
2160
1596
8974
5340
4965
7319
923
7686
4657
1521
8204
6460
2248
416
3183
7859
9130
6678
9805
9979
6408
4521
3827
3283
128
6914
3278
5351
6094
9474
7997
9571
6933
8573
66
4064
8251
6011
1893
958
3918
5813
9438
2760
7827
3631
4377
4025
5166
3503
1663
2884
1452
8498
1360
3681
6935
6908
5221
9509
8153
4481
9568
5439
9577
1777
8514
8482
1585
2131
2672
1564
7932
6799
5319
8218
2499
8690
7104
2769
6668
5870
9123
8868
6527
2999
5563
4077
3147
846
8965
5308
3102
2245
3731
3658
1087
561
3530
5155
3319
4847
1692
8241
4240
4562
2115
4546
8996
7205
870
4381
820
7470
1848
644
9732
4043
4641
7649
9757
6651
1197
4588
2459
6136
8243
4423
11
2223
3429
1556
1954
480
1874
2353
9599
7683
6064
8492
3409
4028
9069
2929
8334
7876
9160
2693
894
9423
8616
3586
8065
2347
2691
152
1222
1776
9210
5954
2359
6273
9804
7451
9432
3389
3353
7138
226
216
7532
8528
153
9785
6488
8865
1579
629
2481
1629
8171
1571
5386
6547
7699
1555
1513
9527
6101
6983
5866
8852
8310
5346
3333
1042
8532
4702
7812
7979
9760
8097
6861
9296
5013
8813
6018
3132
9620
2681
3522
4154
8269
5535
9673
8530
9054
7081
3532
2674
1025
148
474
9720
1517
8501
831
2703
7350
6364
1192
9674
1024
4008
1094
742
4695
8172
172
7833
45
9702
3943
5834
7850
5292
6102
877
6140
1696
2678
471
3297
2192
8593
1252
3054
6986
8598
8998
7877
7982
3592
7245
7145
459
413
9383
6285
4637
3028
798
4306
5337
5908
6950
4581
2137
3433
9837
6040
9295
6930
9831
6157
2802
4704
368
9561
4798
296
300
7008
4780
2394
4334
4833
8647
6586
8049
6169
4527
7076
231
3742
7189
1605
9650
3856
2334
3490
9717
586
2846
8750
7293
5697
9845
6729
4226
8984
3423
4544
5751
8848
2854
5515
4988
2889
5191
4633
4278
5785
2331
10000
5753
8507
8820
4624
635
8306
7364
6305
145
1339
258
8994
3823
4656
1609
3881
7278
736
3394
9526
7004
5131
7789
7014
722
496
2587
7420
1394
8509
7722
6330
5248
4326
3732
9572
3176
8118
7530
7605
5465
6697
4718
9201
4969
9855
7373
6812
805
6184
5562
3546
4961
8517
512
8954
2670
439
3764
3016
2956
2872
819
6742
7944
8605
4884
9223
4872
3032
8160
4022
8746
5007
600
4979
7832
7464
4056
4276
5024
1812
5068
9289
309
7849
7680
9455
5176
3277
99
5334
1595
4890
9318
6228
4770
2699
4485
7230
6806
4158
8936
7726
8454
3902
1978
7043
7894
7745
7842
657
3653
583
2462
489
4800
7994
5772
6431
5304
5682
3170
4651
3336
5180
1427
1602
7490
3024
8646
9143
159
1685
22
8535
9338
2517
3332
1887
5761
1010
8098
3139
9842
907
4350
7323
9553
4397
6684
708
7125
8710
7056
9657
2814
345
9137
402
7741
7053
911
3928
5341
1930
2357
6744
2644
1837
4769
5649
6570
5245
7376
9565
7906
1507
8967
992
5394
9754
4072
5726
2116
806
1165
2317
7721
3700
8014
9367
3403
2117
4080
4302
7416
4751
6980
671
4211
3893
9240
8745
4589
5523
5028
6676
7887
2496
6202
3344
3657
8107
4873
5380
3965
5613
5322
2686
6879
9883
2546
7457
4818
1061
1290
5
4066
2547
2772
151
4876
3182
6988
5069
7356
4943
5367
1088
543
9460
2958
4336
7769
407
9087
1139
6610
338
3414
9005
2031
5555
7153
1709
3349
1342
4361
6263
6695
5198
140
7268
1332
3581
319
6086
2654
7559
1760
4197
4163
2682
6227
3525
6938
8997
8700
3833
1131
1373
9844
9774
87
4016
5074
4160
3696
1435
5282
9399
7252
7137
8823
136
3397
1601
2320
2207
377
1718
631
3005
8537
7141
6582
1028
9651
5148
7485
8388
76
9379
8248
4382
5175
2113
8424
2530
8699
852
2028
1493
2700
8463
1182
9141
1551
3330
6474
6612
6608
2255
5717
1401
4212
5877
9625
6477
6451
698
3271
3694
4748
4902
8154
3890
1644
2301
6923
917
3737
8321
4840
1775
3035
8883
1631
2090
7602
7762
978
1235
597
7471
401
5401
5844
9866
4015
5718
2504
9645
6269
9221
4168
4861
4523
2029
3456
120
2563
5316
5080
647
5533
1274
7461
2698
6224
6539
6322
6480
9161
2188
7232
9356
6659
4883
3365
7981
8771
2266
1838
8720
5431
5473
3334
6150
9672
5093
4782
171
2446
6745
4612
5738
71
4269
4173
855
2514
1839
3066
7687
9887
8395
6356
126
8758
5976
1070
133
237
790
3797
9216
1678
1391
666
5413
9059
6055
7040
7361
5875
4618
6196
1213
6270
8769
2145
2548
8644
6749
481
5974
2748
5056
1723
7515
4586
8867
6173
5158
9225
7113
3331
3990
9199
7763
2679
9555
7162
6808
8693
4288
9464
8129
5114
1712
7211
1448
7297
9977
4206
8670
6337
3524
8298
1929
242
192
9247
3518
7241
7136
5904
1578
713
4681
3161
2600
2415
3634
6969
1904
2863
6814
8719
2742
8457
2935
5217
8183
5658
4388
2553
3247
2008
4105
5215
3566
8985
7075
6859
1478
9466
1694
2420
1458
9330
554
4405
3450
160
921
3371
9749
5053
6583
2735
5690
5297
4436
1621
3128
74
743
5364
1369
4503
5011
4671
4852
3166
1720
5909
9584
2786
5857
1841
9556
1561
7910
2597
6194
7493
5539
8484
5412
900
4929
9401
6862
4370
5453
653
4920
8566
1424
2719
1494
4182
2921
7331
2706
8586
4924
2661
7524
190
1105
4856
1907
6080
3498
3265
7209
950
259
3060
664
9328
4613
5469
2777
3571
7329
9281
4699
3240
3001
2611
1736
6767
6635
9325
3678
323
228
4723
9567
7834
1387
9930
6237
6366
2206
2258
3045
3572
9224
204
2662
2593
1353
8638
5501
632
1882
2311
7608
6238
3504
3455
5842
1167
7129
4473
8611
2743
4009
8504
9789
7214
2259
5652
6594
1671
841
7927
9736
9699
5358
3391
8735
2862
7941
6212
8024
2238
165
7931
9397
5703
703
8443
5213
9183
2442
7566
5493
3633
8131
1291
2448
366
2918
1438
682
7192
1455
2513
2107
6287
2112
7761
166
5130
3940
380
6860
4169
7186
817
5546
2715
2333
1312
8737
9817
7173
3327
7728
8127
7784
6085
4582
9184
5255
6970
7535
2934
7259
2254
9911
4325
211
9235
9850
6029
8897
501
6056
4575
537
4000
774
2406
9940
3148
9040
824
9890
3448
4776
4355
2328
4316
219
9414
9131
8167
584
5946
959
4320
3252
5205
9676
3012
8475
1909
4416
6905
5968
9796
5913
4673
5926
9945
8963
2482
755
7582
7951
1303
3901
8074
1023
9833
8010
8583
509
9170
475
4461
8822
6127
1365
875
5765
6716
7830
8844
5987
4559
8927
4417
8843
2147
1849
9647
8450
983
383
4791
4367
6794
777
8899
3904
4710
7274
8092
364
2261
2610
1616
5030
7409
7586
3806
9227
8420
9482
1942
6167
944
1186
2721
5822
6250
7573
1931
6181
8939
8195
2175
720
325
7086
1622
4076
7945
1138
2163
2624
9357
1168
4500
2506
1456
2268
5066
1636
4183
7637
3548
1279
642
9604
2038
2060
5222
5481
9969
5359
331
8613
3692
9929
5302
2380
1834
602
906
3706
9738
2795
6748
476
2652
6774
6204
1045
8639
1820
3437
316
8715
5389
9602
5112
4598
793
2908
9841
7391
6261
2897
2052
6741
230
659
8898
4450
6441
129
9400
8033
2100
4719
596
4533
9739
8763
4576
1598
541
4975
2631
533
2978
7279
5688
2551
1086
4099
4057
9611
2702
1728
3926
4116
547
1147
3098
3233
8780
7463
3339
8990
9990
8728
1934
1117
8554
367
7480
7394
1053
6996
2882
6839
9756
7496
3280
5132
4766
7492
249
5759
7444
1055
2294
3135
9452
3335
5643
9297
8892
6195
8709
3213
1013
5554
6378
5010
5603
351
3300
4807
619
1508
4844
5824
5992
8149
2943
8925
2458
2370
6065
9964
2680
6022
5687
1341
9867
718
2121
9364
754
7517
6817
8827
8406
2434
7865
9307
1529
8668
9787
1115
3072
4687
9188
3310
2599
9392
6621
667
2804
5133
5283
8126
4838
2318
1072
3939
9483
5072
7201
6735
7139
9226
3314
1724
6764
3914
980
8054
9612
2861
67
5910
789
5002
7825
8073
1680
9961
6542
7868
2687
8381
6685
9187
2617
7038
1955
933
2136
3057
3040
223
7816
6444
7159
6060
8147
4912
5640
59
1681
6810
7140
9864
6494
3960
893
3439
6235
4246
6411
890
5939
3647
5590
6699
7156
5446
3312
9618
699
3778
2749
5800
4446
833
2082
3879
1188
3832
6924
5403
2221
3387
4557
1283
6751
1190
3562
5801
8704
2332
9317
9212
6158
4038
5938
5831
7748
3095
9327
1859
5799
8878
4214
3200
2006
149
5136
8060
7512
7180
5455
3982
7263
4881
4324
9745
1223
1762
3369
5663
1651
9899
4187
5224
2012
5486
8701
9089
1132
2728
1356
2191
3398
5641
6653
8257
9239
3359
1683
5583
6882
7410
2623
1060
2336
9893
6706
4919
6104
7846
5442
2095
6739
3613
3690
6973
8743
8076
4997
8791
341
233
320
4194
9354
1996
2664
7048
5178
4951
5771
4945
6393
4694
3360
9586
6558
2033
7244
660
7039
5990
4636
8838
2386
4537
8666
749
7215
3023
3639
7950
691
4939
2471
9467
1759
2798
4422
609
2128
1589
4682
5050
8026
3970
3417
2944
2089
6900
9782
29
5566
4788
8512
2371
3528
5192
7871
2200
2059
863
9669
8677
5995
2653
601
360
142
9616
7019
4754
47
2866
6696
540
9290
8520
6010
1770
169
8291
942
3030
1817
9439
8604
2972
4386
4321
1983
2567
9430
304
1540
4976
6664
751
9233
3997
6705
7592
2360
7620
6985
2885
8960
8926
3606
9530
2364
5707
4090
2646
504
9819
5266
6288
6385
6205
197
780
4085
134
7831
2671
6459
4789
5602
7217
5383
8214
8684
9319
6078
1982
1242
9190
3302
7502
1597
6468
3677
6926
1600
8230
5998
9488
1963
5128
3830
526
2855
6609
7606
1863
9877
336
9915
3377
8071
9316
641
678
5807
7311
2590
814
405
654
7799
1349
5138
3822
2649
63
5582
9440
611
3465
1363
876
9314
683
3315
217
9083
1753
4590
1697
2783
8880
2096
3775
6118
1116
7271
5042
301
6508
1174
6963
6952
799
1994
5557
7773
1638
3352
2810
3932
3508
8012
5075
3617
5816
3762
9444
9766
3222
8431
2668
1382
3946
6512
4955
3341
2224
9458
4676
4039
662
2229
912
2484
2608
2964
3709
4957
2630
7558
6655
1484
3585
7544
2634
1593
3453
8933
6560
4566
5378
5276
5568
5184
2156
9266
3286
680
1316
3588
3461
1051
4994
4394
1018
3917
8527
9358
1627
4327
1665
5039
9376
1004
6073
4004
3384
346
2750
6541
494
8471
3536
3511
5001
3929
878
5425
2186
5109
6478
9664
422
3292
2304
6440
7115
1201
2004
3533
8366
8102
3
8235
2461
4349
9181
1886
4941
9735
1731
5438
1327
2543
2174
6566
6412
2293
530
1337
5031
8117
6203
8261
9767
4023
694
3759
3738
5587
124
5456
6903
9503
6404
3396
5630
6602
9587
4960
1030
3488
1012
7568
7883
5110
7165
3713
2520
1653
51
1262
3587
4758
9011
1927
2465
8555
2801
4083
2048
9391
1019
6407
4772
3512
4679
3381
7828
7213
3567
9724
7481
2126
8920
2523
2696
4142
141
9984
7286
4668
9339
6643
592
2151
236
9646
4707
2280
3282
8361
52
7901
3495
2574
7651
143
8493
3457
3574
8440
9834
8275
2264
4601
3480
1224
1440
1925
1544
2626
9598
4100
4803
9765
438
8481
3103
4391
7597
2669
1764
3474
8174
8178
7519
9092
7488
8861
2228
946
5157
6657
505
6603
9315
4415
7250
3626
587
7392
8341
287
9168
4398
2169
9762
4475
8314
3561
1396
4746
624
6895
763
7622
7174
7025
2390
2409
830
1536
1173
5536
2162
7130
937
3909
4145
482
8689
4351
261
9022
8455
9660
1640
1833
1154
913
740
2212
5038
4314
2603
5787
1346
2325
2037
8449
6401
2788
6614
5149
6435
9933
1071
3298
3846
194
3273
511
7759
3190
2849
7006
6631
6596
2739
6454
3754
2343
8372
1076
9513
7442
6857
3435
861
2034
9299
2369
2233
577
7489
6318
2155
4170
1818
127
4344
9202
2300
7669
575
4759
873
5003
6709
5540
73
3684
4970
8142
7428
1560
2511
2601
988
5076
4936
8437
9019
3558
5700
290
8919
589
2794
2410
9907
4369
665
650
8952
9134
4887
6875
3157
837
562
4777
2635
6453
1761
9405
3383
308
6192
7959
387
8433
4662
6039
2532
8777
4097
945
7628
8478
1265
9818
5513
5029
255
1037
6619
3685
5651
7449
9504
9853
1588
1184
4563
3094
920
3196
3348
5204
3249
5845
1220
6225
931
3215
2178
6726
5250
1009
7655
9138
7617
4510
9515
3210
6618
4507
2422
8002
2870
5033
5085
3729
468
8316
3789
6901
8309
6787
2000
54
4735
8282
4843
25
3554
7701
4372
4597
1194
9375
1350
462
4689
3603
4042
7928
6484
1877
864
7949
6360
7571
1656
8921
3063
901
9479
6568
3184
7811
5249
6423
8738
4518
9759
2648
8910
5090
527
8038
2429
5598
1477
8146
603
1516
3431
4101
1991
9986
1151
7611
2182
4032
5702
3908
5018
2604
8760
9162
3412
4227
6632
5098
5691
7010
5830
6271
9186
7149
8968
5022
2605
1998
2307
4084
36
2913
9865
4640
1419
4834
6641
3126
2083
6215
1729
5538
1417
4811
2713
7035
6487
4020
7377
4967
1926
8841
121
4249
2705
9710
3549
4550
1333
5083
5426
4519
6730
5963
3948
7587
2787
9333
8943
9041
302
289
1843
2315
3036
2377
779
7646
9742
8724
2915
146
2917
2819
7747
5648
6869
8350
7712
5188
4665
7718
463
1449
3894
8784
9895
7074
6374
5740
9948
1870
1572
4804
1789
5448
9925
9747
8744
7448
2408
293
154
3903
4626
2452
5437
4828
1960
2996
492
9962
6841
3306
8168
5706
4483
6979
9373
1485
5730
9174
6507
6335
8469
42
